279
213
251
194
218
148
388
286
351
284
287
354
335
151
250
363
247
167
219
173
178
149
358
387
179
203
195
272
230
291
176
164
192
277
300
198
381
365
340
360
252
166
158
362
180
269
234
357
267
265
226
350
336
376
283
205
353
273
188
257
295
278
175
235
352
177
281
224
155
263
204
191
371
299
385
293
171
343
242
341
349
246
366
254
289
240
154
186
159
212
193
383
225
217
285
368
229
161
153
377
339
271
297
367
170
266
184
346
200
245
382
237
196
239
241
156
222
260
182
344
355
370
197
232
208
185
253
233
332
243
202
163
256
211
372
275
373
374
210
244
223
379
255
207
187
206
342
262
249
216
268
190
290
215
274
199
334
201
280
189
162
347
296
333
348
380
345
261
389
181
231
258
152
282
378
209
248
364
259
165
169
359
337
228
369
356
238
331
172
292
220
214
150
386
338
221
264
157
384
160
288
276
375
174
270
294
168
227
298
183
236
361
106
102
103
105
104
107
764
880
781
806
402
311
328
118
580
621
950
405
896
406
418
813
555
577
815
626
473
915
485
872
511
629
725
404
834
914
587
848
658
451
538
445
672
566
706
429
792
671
562
548
821
409
408
437
469
512
610
628
657
662
752
818
574
576
666
804
556
570
718
865
868
676
735
758
830
803
867
661
871
881
604
613
691
432
517
521
565
454
496
649
494
847
554
704
424
858
560
766
832
862
527
737
533
549
895
949
951
952
953
954
955
956
957
958
989
990
999
985
988
991
688
882
495
542
578
642
643
823
421
487
890
595
403
547
514
567
876
594
685
700
433
684
777
559
986
987
973
980
971
981
977
978
974
976
979
975
597
500
624
727
741
622
588
513
474
732
785
793
731
492
8
9
10
11
12
13
14
15
16
17
18
19
20
21
22
23
24
25
81
82
83
84
85
86
87
88
89
90
91
92
93
94
95
96
97
98
99
100
101
128
129
130
131
133
132
134
135
136
138
139
140
141
142
143
144
137
145
146
147
3
4
5
6
7
390
392
1
2
391
393
394
397
398
395
396
34
35
36
37
38
39
40
41
42
43
44
45
46
47
48
49
52
50
51
53
54
55
56
57
58
59
60
61
62
63
64
65
66
67
68
69
26
27
28
29
30
31
32
33
903
909
697
590
692
802
633
651
783
674
546
687
829
812
828
584
427
770
686
779
410
531
893
605
836
705
827
532
824
846
636
448
746
838
634
756
457
472
414
765
745
509
879
518
627
399
481
799
528
591
682
917
596
857
743
801
887
787
614
845
601
480
695
724
740
572
477
844
759
754
747
593
837
715
476
808
762
536
465
585
617
508
696
678
773
784
677
786
796
471
608
819
863
679
719
873
646
675
816
70
71
72
73
74
75
76
77
78
79
80
127
119
120
121
122
123
124
125
126
301
302
303
304
305
306
307
308
309
310
312
313
314
315
316
317
318
319
320
321
322
323
324
325
326
327
108
109
110
111
112
113
114
115
116
117
329
330
607
551
652
545
767
860
892
883
535
761
898
522
568
910
470
506
850
814
407
874
707
822
840
889
426
581
699
664
625
411
450
498
669
833
728
763
499
599
635
507
683
864
484
744
583
416
425
455
468
510
789
861
866
563
501
916
537
459
650
422
461
526
490
717
913
826
582
800
878
673
782
600
730
709
438
936
946
937
938
939
940
941
942
943
944
945
947
948
795
609
479
592
775
413
772
924
680
523
569
856
698
771
504
493
641
663
877
869
417
932
742
615
927
902
616
922
817
797
441
519
456
859
644
639
713
561
434
851
598
738
714
888
919
575
928
835
901
553
502
967
543
788
497
602
923
820
453
963
430
552
778
839
442
997
925
620
912
959
458
637
900
464
534
810
970
667
870
694
489
841
660
965
908
790
466
541
447
475
842
739
449
589
723
710
708
926
412
748
415
983
440
711
463
670
400
668
736
524
733
811
969
753
921
750
755
962
525
653
630
794
665
689
659
460
931
884
654
769
701
996
550
656
516
875
712
436
935
992
467
722
1000
482
478
619
995
632
586
401
539
520
904
966
721
491
855
906
428
897
419
431
435
515
579
905
993
488
681
423
638
618
557
655
693
647
734
603
809
716
757
894
483
918
720
920
443
564
907
891
690
776
749
452
444
702
798
852
843
648
968
964
462
791
911
774
961
982
573
994
831
899
529
805
611
780
612
729
760
530
420
930
886
853
571
540
631
929
933
751
640
849
503
606
998
984
726
645
446
807
486
623
854
885
439
972
934
703
558
505
768
825
960
544
