0
1
2
3
4
6
7
9
10
14
15
16
17
18
19
20
22
24
25
26
27
28
29
30
31
32
33
34
35
39
40
41
42
43
44
45
46
47
48
49
50
54
55
57
58
59
60
61
62
63
65
66
67
68
69
70
71
73
75
76
78
81
83
84
85
86
87
88
89
90
92
93
94
96
97
98
101
102
104
105
106
108
109
111
112
113
114
115
116
117
118
122
123
124
125
126
127
129
130
131
132
133
135
138
139
140
142
143
144
145
147
148
149
150
151
152
153
154
155
157
158
159
160
162
167
168
169
170
171
172
173
175
176
178
179
180
181
183
186
188
189
190
191
195
196
197
199
200
201
203
204
205
206
207
208
209
210
211